25.0 25.0
25.0 275.0
25.0 283.57894736842104
25.099948993340735 284.721369589914
25.39675907377692 285.8290798903004
25.88141181720764 286.86842105263156
26.53918129526988 287.807813221622
27.350081515220136 288.6187134415722
28.289473684210524 289.2764829196345
29.32881484654165 289.76113566306515
30.436525146928087 290.05794574350136
31.57894736842105 290.1578947368421
31.57894736842105 290.1578947368421
32.72136958991401 290.05794574350136
33.82907989030045 289.76113566306515
34.868421052631575 289.2764829196345
35.80781322162197 288.6187134415722
36.618713441572226 287.807813221622
37.27648291963446 286.86842105263156
37.76113566306518 285.8290798903004
38.057945743501364 284.721369589914
38.1578947368421 283.57894736842104
38.1578947368421 275.0
38.1578947368421 25.0
38.1578947368421 16.42105263157895
38.25784373018284 15.278630410085986
38.55465381061902 14.17092010969955
39.039306554049745 13.131578947368423
39.69707603211199 12.192186778378032
40.50797625206224 11.381286558427778
41.44736842105263 10.723517080365538
42.48670958338376 10.238864336934816
43.59441988377019 9.942054256498633
44.73684210526316 9.842105263157897
44.73684210526315 9.842105263157897
45.879264326756115 9.942054256498633
46.98697462714255 10.238864336934814
48.02631578947368 10.723517080365536
48.965707958464066 11.381286558427778
49.77660817841432 12.192186778378032
50.43437765647656 13.13157894736842
50.919030399907285 14.170920109699551
51.215840480343466 15.278630410085986
51.315789473684205 16.42105263157895
51.315789473684205 25.0
51.315789473684205 275.0
51.31578947368421 283.57894736842104
51.41573846702495 284.721369589914
51.71254854746113 285.8290798903004
52.197201290891854 286.86842105263156
52.8549707689541 287.807813221622
53.66587098890435 288.6187134415722
54.60526315789474 289.2764829196345
55.644604320225866 289.76113566306515
56.7523146206123 290.05794574350136
57.89473684210527 290.1578947368421
57.89473684210526 290.1578947368421
59.037159063598224 290.05794574350136
60.14486936398466 289.76113566306515
61.18421052631579 289.2764829196345
62.123602695306175 288.6187134415722
62.93450291525643 287.807813221622
63.59227239331867 286.86842105263156
64.0769251367494 285.8290798903004
64.37373521718558 284.721369589914
64.47368421052632 283.57894736842104
64.47368421052632 275.0
64.47368421052632 25.0
64.4736842105263 16.42105263157895
64.57363320386705 15.278630410085986
64.87044328430322 14.17092010969955
65.35509602773395 13.131578947368423
66.01286550579619 12.192186778378032
66.82376572574644 11.381286558427778
67.76315789473682 10.723517080365538
68.80249905706796 10.238864336934816
69.91020935745439 9.942054256498633
71.05263157894736 9.842105263157897
71.05263157894736 9.842105263157897
72.19505380044032 9.942054256498633
73.30276410082675 10.238864336934814
74.34210526315788 10.723517080365536
75.28149743214827 11.381286558427778
76.09239765209853 12.192186778378032
76.75016713016076 13.13157894736842
77.23481987359149 14.170920109699551
77.53162995402766 15.278630410085986
77.63157894736841 16.42105263157895
77.63157894736841 25.0
77.63157894736841 275.0
77.63157894736841 283.57894736842104
77.73152794070916 284.721369589914
78.02833802114533 285.8290798903004
78.51299076457606 286.86842105263156
79.1707602426383 287.807813221622
79.98166046258855 288.6187134415722
80.92105263157895 289.2764829196345
81.96039379391007 289.76113566306515
83.0681040942965 290.05794574350136
84.21052631578947 290.1578947368421
84.21052631578947 290.1578947368421
85.35294853728243 290.05794574350136
86.46065883766886 289.76113566306515
87.49999999999999 289.2764829196345
88.43939216899038 288.6187134415722
89.25029238894064 287.807813221622
89.90806186700287 286.86842105263156
90.3927146104336 285.8290798903004
90.68952469086977 284.721369589914
90.78947368421052 283.57894736842104
90.78947368421052 275.0
90.78947368421052 25.0
90.78947368421052 16.42105263157895
90.88942267755127 15.278630410085986
91.18623275798744 14.17092010969955
91.67088550141817 13.131578947368423
92.3286549794804 12.192186778378032
93.13955519943066 11.381286558427778
94.07894736842104 10.723517080365538
95.11828853075218 10.238864336934816
96.22599883113861 9.942054256498633
97.36842105263158 9.842105263157897
97.36842105263158 9.842105263157897
98.51084327412454 9.942054256498633
99.61855357451097 10.238864336934814
100.6578947368421 10.723517080365536
101.59728690583249 11.381286558427778
102.40818712578275 12.192186778378032
103.06595660384498 13.13157894736842
103.55060934727571 14.170920109699551
103.84741942771188 15.278630410085986
103.94736842105263 16.42105263157895
103.94736842105263 25.0
103.94736842105263 275.0
103.94736842105262 283.57894736842104
104.04731741439335 284.721369589914
104.34412749482954 285.8290798903004
104.82878023826026 286.86842105263156
105.4865497163225 287.807813221622
106.29744993627276 288.6187134415722
107.23684210526315 289.2764829196345
108.27618326759428 289.76113566306515
109.3838935679807 290.05794574350136
110.52631578947367 290.1578947368421
110.52631578947367 290.1578947368421
111.66873801096663 290.05794574350136
112.77644831135306 289.76113566306515
113.81578947368419 289.2764829196345
114.75518164267459 288.6187134415722
115.56608186262484 287.807813221622
116.22385134068708 286.86842105263156
116.7085040841178 285.8290798903004
117.005314164554 284.721369589914
117.10526315789473 283.57894736842104
117.10526315789473 275.0
117.10526315789473 25.0
117.10526315789471 16.42105263157895
117.20521215123546 15.278630410085986
117.50202223167163 14.17092010969955
117.98667497510236 13.131578947368423
118.6444444531646 12.192186778378032
119.45534467311485 11.381286558427778
120.39473684210523 10.723517080365538
121.43407800443637 10.238864336934816
122.5417883048228 9.942054256498633
123.68421052631577 9.842105263157897
123.68421052631577 9.842105263157897
124.82663274780873 9.942054256498633
125.93434304819516 10.238864336934814
126.97368421052629 10.723517080365536
127.91307637951668 11.381286558427778
128.72397659946694 12.192186778378032
129.3817460775292 13.13157894736842
129.8663988209599 14.170920109699551
130.16320890139608 15.278630410085986
130.26315789473682 16.42105263157895
130.26315789473682 25.0
130.26315789473682 275.0
130.26315789473685 283.57894736842104
130.36310688807757 284.721369589914
130.65991696851376 285.8290798903004
131.14456971194448 286.86842105263156
131.8023391900067 287.807813221622
132.61323940995698 288.6187134415722
133.55263157894737 289.2764829196345
134.59197274127848 289.76113566306515
135.69968304166494 290.05794574350136
136.8421052631579 290.1578947368421
136.84210526315792 290.1578947368421
137.98452748465087 290.05794574350136
139.09223778503733 289.76113566306515
140.13157894736844 289.2764829196345
141.07097111635883 288.6187134415722
141.88187133630908 287.807813221622
142.53964081437132 286.86842105263156
143.02429355780205 285.8290798903004
143.32110363823824 284.721369589914
143.42105263157896 283.57894736842104
143.42105263157896 275.0
143.42105263157896 25.0
143.42105263157893 16.42105263157895
143.52100162491965 15.278630410085986
143.81781170535584 14.17092010969955
144.30246444878657 13.131578947368423
144.9602339268488 12.192186778378032
145.77113414679906 11.381286558427778
146.71052631578945 10.723517080365538
147.74986747812056 10.238864336934816
148.85757777850702 9.942054256498633
149.99999999999997 9.842105263157897
150.0 9.842105263157897
151.14242222149295 9.942054256498633
152.2501325218794 10.238864336934814
153.28947368421052 10.723517080365536
154.22886585320092 11.381286558427778
155.03976607315116 12.192186778378032
155.6975355512134 13.13157894736842
156.18218829464413 14.170920109699551
156.47899837508032 15.278630410085986
156.57894736842104 16.42105263157895
156.57894736842104 25.0
156.57894736842104 275.0
156.57894736842104 283.57894736842104
156.67889636176176 284.721369589914
156.97570644219795 285.8290798903004
157.46035918562868 286.86842105263156
158.11812866369092 287.807813221622
158.92902888364117 288.6187134415722
159.86842105263156 289.2764829196345
160.90776221496267 289.76113566306515
162.01547251534913 290.05794574350136
163.15789473684208 290.1578947368421
163.1578947368421 290.1578947368421
164.30031695833506 290.05794574350136
165.40802725872152 289.76113566306515
166.44736842105263 289.2764829196345
167.38676059004302 288.6187134415722
168.1976608099933 287.807813221622
168.85543028805552 286.86842105263156
169.34008303148624 285.8290798903004
169.63689311192243 284.721369589914
169.73684210526315 283.57894736842104
169.73684210526315 275.0
169.73684210526315 25.0
169.73684210526315 16.42105263157895
169.83679109860387 15.278630410085986
170.13360117904006 14.17092010969955
170.61825392247079 13.131578947368423
171.276023400533 12.192186778378032
172.08692362048328 11.381286558427778
173.02631578947367 10.723517080365538
174.06565695180478 10.238864336934816
175.17336725219124 9.942054256498633
176.3157894736842 9.842105263157897
176.31578947368422 9.842105263157897
177.45821169517717 9.942054256498633
178.56592199556363 10.238864336934814
179.60526315789474 10.723517080365536
180.54465532688513 11.381286558427778
181.35555554683538 12.192186778378032
182.01332502489763 13.13157894736842
182.49797776832835 14.170920109699551
182.79478784876454 15.278630410085986
182.89473684210526 16.42105263157895
182.89473684210526 25.0
182.89473684210526 275.0
182.89473684210526 283.57894736842104
182.99468583544598 284.721369589914
183.29149591588217 285.8290798903004
183.7761486593129 286.86842105263156
184.43391813737514 287.807813221622
185.24481835732539 288.6187134415722
186.18421052631578 289.2764829196345
187.2235516886469 289.76113566306515
188.33126198903335 290.05794574350136
189.4736842105263 290.1578947368421
189.47368421052633 290.1578947368421
190.61610643201928 290.05794574350136
191.72381673240574 289.76113566306515
192.76315789473685 289.2764829196345
193.70255006372724 288.6187134415722
194.5134502836775 287.807813221622
195.17121976173974 286.86842105263156
195.65587250517046 285.8290798903004
195.95268258560665 284.721369589914
196.05263157894737 283.57894736842104
196.05263157894737 275.0
196.05263157894737 25.0
196.05263157894734 16.42105263157895
196.15258057228806 15.278630410085986
196.44939065272425 14.17092010969955
196.93404339615498 13.131578947368423
197.59181287421723 12.192186778378032
198.40271309416747 11.381286558427778
199.34210526315786 10.723517080365538
200.38144642548897 10.238864336934816
201.48915672587543 9.942054256498633
202.63157894736838 9.842105263157897
202.6315789473684 9.842105263157897
203.77400116886136 9.942054256498633
204.88171146924782 10.238864336934814
205.92105263157893 10.723517080365536
206.86044480056933 11.381286558427778
207.67134502051957 12.192186778378032
208.32911449858182 13.13157894736842
208.81376724201255 14.170920109699551
209.11057732244873 15.278630410085986
209.21052631578945 16.42105263157895
209.21052631578945 25.0
209.21052631578945 275.0
209.21052631578945 283.57894736842104
209.31047530913017 284.721369589914
209.60728538956636 285.8290798903004
210.0919381329971 286.86842105263156
210.7497076110593 287.807813221622
211.56060783100958 288.6187134415722
212.49999999999997 289.2764829196345
213.53934116233108 289.76113566306515
214.64705146271754 290.05794574350136
215.7894736842105 290.1578947368421
215.78947368421052 290.1578947368421
216.93189590570347 290.05794574350136
218.03960620608993 289.76113566306515
219.07894736842104 289.2764829196345
220.01833953741144 288.6187134415722
220.82923975736168 287.807813221622
221.48700923542393 286.86842105263156
221.97166197885466 285.8290798903004
222.26847205929084 284.721369589914
222.36842105263156 283.57894736842104
222.36842105263156 275.0
222.36842105263156 25.0
222.36842105263156 16.42105263157895
222.46837004597228 15.278630410085986
222.76518012640847 14.17092010969955
223.2498328698392 13.131578947368423
223.90760234790145 12.192186778378032
224.7185025678517 11.381286558427778
225.65789473684208 10.723517080365538
226.6972358991732 10.238864336934816
227.80494619955965 9.942054256498633
228.9473684210526 9.842105263157897
228.94736842105263 9.842105263157897
230.08979064254558 9.942054256498633
231.19750094293204 10.238864336934814
232.23684210526315 10.723517080365536
233.17623427425355 11.381286558427778
233.9871344942038 12.192186778378032
234.64490397226604 13.13157894736842
235.12955671569676 14.170920109699551
235.42636679613295 15.278630410085986
235.52631578947367 16.42105263157895
235.52631578947367 25.0
235.52631578947367 275.0
235.52631578947367 283.57894736842104
235.6262647828144 284.721369589914
235.92307486325058 285.8290798903004
236.4077276066813 286.86842105263156
237.06549708474353 287.807813221622
237.8763973046938 288.6187134415722
238.8157894736842 289.2764829196345
239.8551306360153 289.76113566306515
240.96284093640176 290.05794574350136
242.1052631578947 290.1578947368421
242.10526315789474 290.1578947368421
243.2476853793877 290.05794574350136
244.35539567977415 289.76113566306515
245.39473684210526 289.2764829196345
246.33412901109565 288.6187134415722
247.1450292310459 287.807813221622
247.80279870910815 286.86842105263156
248.28745145253887 285.8290798903004
248.58426153297506 284.721369589914
248.68421052631578 283.57894736842104
248.68421052631578 275.0
248.68421052631578 25.0
248.6842105263158 16.42105263157895
248.78415951965653 15.278630410085986
249.08096960009271 14.17092010969955
249.56562234352344 13.131578947368423
250.22339182158566 12.192186778378032
251.03429204153593 11.381286558427778
251.97368421052633 10.723517080365538
253.01302537285744 10.238864336934816
254.1207356732439 9.942054256498633
255.26315789473685 9.842105263157897
255.26315789473688 9.842105263157897
256.4055801162298 9.942054256498633
257.51329041661626 10.238864336934814
258.5526315789474 10.723517080365536
259.4920237479378 11.381286558427778
260.30292396788803 12.192186778378032
260.9606934459503 13.13157894736842
261.445346189381 14.170920109699551
261.7421562698172 15.278630410085986
261.8421052631579 16.42105263157895
261.8421052631579 25.0
261.8421052631579 275.0
261.8421052631579 283.57894736842104
261.94205425649864 284.721369589914
262.23886433693485 285.8290798903004
262.7235170803655 286.86842105263156
263.3812865584278 287.807813221622
264.192186778378 288.6187134415722
265.13157894736844 289.2764829196345
266.1709201096996 289.76113566306515
267.278630410086 290.05794574350136
268.42105263157896 290.1578947368421
268.42105263157896 290.1578947368421
269.5634748530719 290.05794574350136
270.67118515345834 289.76113566306515
271.7105263157895 289.2764829196345
272.6499184847799 288.6187134415722
273.4608187047301 287.807813221622
274.1185881827924 286.86842105263156
274.60324092622307 285.8290798903004
274.9000510066593 284.721369589914
275.0 283.57894736842104
275.0 275.0
275.0 25.0
