SEG0 AX0 CPS [13589247614617874268, 4617308900043342171, 4621817975012080778, 4624633863365660214, 4626323284514369520, 4627730714793276333, 4629137434404044667]
SEG0 AX0 KNOTS [0, 0, 0, 0, 4602678819172646912, 4602678819172646912, 4602678819172646912, 4607182418800017408, 4607182418800017408, 4607182418800017408, 4607182418800017408]
SEG0 AX1 CPS [4548625379503550080, 4607208997872530377, 4613942831134023384, 4617315520778438150, 4618721330893467686, 4620127779560065633, 4620977906521447294, 4621190684484078556, 4621384363260826373, 4621549674385640037, 4621605466890264649, 4621658028142036137, 4621708823888066379, 4621728577789300362, 4621748064685036442, 4621765452039443153, 4621782839393849865, 4621798127206927208, 4621828509708198876]
SEG0 AX1 KNOTS [0, 0, 0, 0, 4602678819172646912, 4602678819172646912, 4602678819172646912, 4605493568939753472, 4605493568939753472, 4605493568939753472, 4606549100102418432, 4606549100102418432, 4606549100102418432, 4606905341869817856, 4606905341869817856, 4606905341869817856, 4607043880334917632, 4607043880334917632, 4607043880334917632, 4607182418800017408, 4607182418800017408, 4607182418800017408, 4607182418800017408]
SEG0 AX2 CPS [4617315517961601024, 4617315517961601024, 4617315517961601024, 4617315517961601024]
SEG0 AX2 KNOTS [0, 0, 0, 0, 4607182418800017408, 4607182418800017408, 4607182418800017408, 4607182418800017408]
SEG1 AX0 CPS [4629137432661170457, 4630122284604404340, 4630544591513265949, 4630843893654240250, 4631030957492349186, 4631169972593002144, 4631298999173438107, 4631347384141101595, 4631394364473109566, 4631442589947671146, 4631458866045335679, 4631475283972519209, 4631491407919209900, 4631503948766635993, 4631516311774010863, 4631530182108022474]
SEG1 AX0 KNOTS [4607182418800017408, 4607182418800017408, 4607182418800017408, 4607182418800017408, 4609434218613702656, 4609434218613702656, 4609434218613702656, 4610841593497255936, 4610841593497255936, 4610841593497255936, 4611369359078588416, 4611369359078588416, 4611369359078588416, 4611547479962288128, 4611547479962288128, 4611547479962288128, 4611686018427387904, 4611686018427387904, 4611686018427387904, 4611686018427387904]
SEG1 AX1 CPS [4621828497562663870, 4621858880063935538, 4621904729771519341, 4621948999150207121, 4621993268528894901, 4622035957578686660, 4622078878963291642, 4622189248237990172, 4622301153767372068, 4622412856298784836, 4622743826762230077, 4623073015076152120, 4623402416282994691, 4624280819501241548, 4625160736624701048, 4625619031550678662, 4626015260675899260, 4626411729578817298, 4626806500883659382, 4626998403601290951, 4627189905169685821, 4627383743865828434, 4627449164425776567, 4627514851199182215, 4627578563618179254, 4627603340670011437, 4627627819131207749, 4627654327163147939, 4627680835195088129, 4627709372797772197, 4627722205872374681]
SEG1 AX1 KNOTS [4607182418800017408, 4607182418800017408, 4607182418800017408, 4607182418800017408, 4607251688032567296, 4607251688032567296, 4607251688032567296, 4607320957265117184, 4607320957265117184, 4607320957265117184, 4607499078148816896, 4607499078148816896, 4607499078148816896, 4608026843730149376, 4608026843730149376, 4608026843730149376, 4609434218613702656, 4609434218613702656, 4609434218613702656, 4610700856008900608, 4610700856008900608, 4610700856008900608, 4611316582520455168, 4611316582520455168, 4611316582520455168, 4611524390218104832, 4611524390218104832, 4611524390218104832, 4611605204322746368, 4611605204322746368, 4611605204322746368, 4611686018427387904, 4611686018427387904, 4611686018427387904, 4611686018427387904]
SEG1 AX2 CPS [4617315517961601024, 4617315517961601024, 4617315517961601024, 4617315517961601024]
SEG1 AX2 KNOTS [4607182418800017408, 4607182418800017408, 4607182418800017408, 4607182418800017408, 4611686018427387904, 4611686018427387904, 4611686018427387904, 4611686018427387904]
SEG2 AX0 CPS [4631530179978673008, 4631548673757355156, 4631568310709553017, 4631587728180031353, 4631612693499217786, 4631637296001684188, 4631661947245989246, 4631734987969856080, 4631808456605612334, 4631881845513025148, 4631955234420437962, 4632028543599507336, 4632101752596738317, 4632126460633303773, 4632151157258531699, 4632175965608507276, 4632186819261621591, 4632197694299550886, 4632208439089529889, 4632212617618966168, 4632216776450409965, 4632221064908816993, 4632225353367224021, 4632229771452594280, 4632231925892594583]
SEG2 AX0 KNOTS [4611686018427387904, 4611686018427387904, 4611686018427387904, 4611686018427387904, 4611778377404121088, 4611778377404121088, 4611778377404121088, 4611897124659920896, 4611897124659920896, 4611897124659920896, 4612248968380809216, 4612248968380809216, 4612248968380809216, 4612600812101697536, 4612600812101697536, 4612600812101697536, 4612719559357497344, 4612719559357497344, 4612719559357497344, 4612771511281909760, 4612771511281909760, 4612771511281909760, 4612791714808070144, 4612791714808070144, 4612791714808070144, 4612811918334230528, 4612811918334230528, 4612811918334230528, 4612811918334230528]
SEG2 AX1 CPS [4627730092099895296, 4627730092099895296, 4627730092099895296, 4627730092099895296]
SEG2 AX1 KNOTS [4611686018427387904, 4611686018427387904, 4611686018427387904, 4611686018427387904, 4612811918334230528, 4612811918334230528, 4612811918334230528, 4612811918334230528]
SEG2 AX2 CPS [4617315517961601024, 4617315517961601024, 4617331977215423888, 4617345204775550976, 4617367250709096122, 4617380319715708554, 4617394682798800897, 4617432984353713808, 4617480488230261635, 4617526624194134015, 4617649653431127032, 4617762955289094657, 4617878467915022336, 4618063288116506622, 4618253767883968648, 4618441417868443648]
SEG2 AX2 KNOTS [4611686018427387904, 4611686018427387904, 4611686018427387904, 4611686018427387904, 4611715705241337856, 4611715705241337856, 4611715705241337856, 4611765183264587776, 4611765183264587776, 4611765183264587776, 4611897124659920896, 4611897124659920896, 4611897124659920896, 4612248968380809216, 4612248968380809216, 4612248968380809216, 4612811918334230528, 4612811918334230528, 4612811918334230528, 4612811918334230528]
